7 0.4557291666666667 0.12777777777777777 0.028645833333333332 0.043055555555555555
3 0.6677083333333333 0.3111111111111111 0.13020833333333334 0.41597222222222224
2 0.6505208333333333 0.6166666666666667 0.4197916666666667 0.49444444444444446
2 0.2453125 0.3 0.3515625 0.5826388888888889
7 0.4901041666666667 0.8375 0.03229166666666667 0.041666666666666664
8 0.6994791666666667 0.625 0.13125 0.18819444444444444
8 0.484375 0.7229166666666667 0.13125 0.19027777777777777
6 0.2625 0.4173611111111111 0.1140625 0.22430555555555556
6 0.5421875 0.8013888888888889 0.1375 0.21458333333333332
5 0.4479166666666667 0.86875 0.0515625 0.20208333333333334
4 0.42291666666666666 0.7951388888888888 0.046875 0.17291666666666666
5 0.5359375 0.2125 0.16197916666666667 0.16875
4 0.425 0.19791666666666666 0.065625 0.16527777777777777
1 0.49635416666666665 0.3111111111111111 0.3770833333333333 0.19652777777777777
3 0.46927083333333336 0.49722222222222223 0.2864583333333333 0.29791666666666666
1 0.43385416666666665 0.5298611111111111 0.33489583333333334 0.34375